9
9
10
1
8
8
7
4
0
3
2
2
0
0
2
8
7
0
0
0
2
2
9
3
0
4
5
5
10
5
2
2
10
8
4
9
5
3
5
10
-4
-4
-5
-5
-8
-8
-8
-2
8
8
7
7
2
-1
0
-2
4
0
-8
9
-1
-10
-3
-5
4
3
2
2
4
-5
6
3
9
-10
7
9
0
9
5
4
81
81
-95
-48
48
27
99
99
13
87
-16
-16
-81
71
-64
-64
-43
72
-9
90
53
53
-20
-20
-86
-42
52
52
36
36
62
62
-56
-38
-56
61
9
78
21
-82
-382
-516
-848
-848
528
528
-936
480
-479
-479
401
-569
-993
-213
-565
41
767
606
-295
-913
785
785
637
-382
-313
-241
598
-135
172
172
-959
-959
700
700
954
-636
535
535
441
441
-4490
-1819
8048
8048
-1411
-1411
-2000
-2898
-3616
8599
3092
-3667
-8273
9248
-5069
-5069
1063
6252
-7882
5188
9894
9894
-6716
-4541
1602
-480
-4070
5194
-3520
-3520
2965
-5790
-4202
6951
-1048
-1048
9227
2082
-2985
3693
